Dneck:	    	24.3577	    	-0.712811	1.42428	    	-16.5676 //c
DHead:	    	158.042	    	7.66662		0.0639198	18.5645  //c
DShoulderL:	25.913	    	1.39357		-13.5226	-5.736	 //c
DArmUpperL:	168.377	    	36.239		0.659787	0.734065 //c
DelbowL:     	0   	  	0		0		0 // Not present on darwin
DArmLowerL:	59.2885	    	45.8382		6.66564		-13.4901 //c
DShoulderR:	25.913	    	1.39357		13.5226	    	-5.736	 //c
DArmUpperR:	168.377	    	36.239		-0.659787	0.734065 //c
DelbowR:     	0   	  	0		0		0 // Not present on darwin
DarmLowerR:	59.2885	    	45.8382		-6.66564	-13.4901 //c
DPelvYL:	27.0692	    	0.480135	0	        18.4372  //c
DPelvL:	    	167.108	    	-18.2424	0.0799828	-13.8731 //c
DLegUpperL:	119.043	    	0.691906	-0.322635	-62.9655 //c
DLegLowerL:	70.3098	    	6.54763		-0.592469	-39.0455 //c
DAnkleL:	167.108	    	-18.5361	-0.213732	13.8731  //c
DFootL:	    	79.4462	    	-0.502877	9.50588	    	-25.9953 //c	
DPelvYR:	27.0692	    	0.480135	0	        18.4372  //c
DPelvR:	    	167.108	    	-18.2424	-0.0799828	-13.8731 //c
DLegUpperR:	119.043	    	0.691906	0.322635	-62.9655 //c
DLegLowerR:	70.3098	    	6.54763		0.592469	-39.0455 //c
DAnkleR:	167.108	    	-18.5361	0.213732	13.8731	 //c
DFootR:	    	79.4462	    	-0.502877	-9.50588	-25.9953 //c
DTorso:	    	975.599		-19.6631	-3.11589	-39.4437 //c
